h_charge_ROB02_ch00
 FCN=48.9163 FROM MIGRAD    STATUS=CONVERGED      81 CALLS          82 TOTAL
                     EDM=1.90351e-09    STRATEGY= 1      ERROR MATRIX ACCURATE 
  EXT PARAMETER                                   STEP         FIRST   
  NO.   NAME      VALUE            ERROR          SIZE      DERIVATIVE 
   1  Constant     1.94545e+04   1.64560e+02   4.15887e-01  -3.37020e-08
   2  Mean         3.04419e+01   3.24397e-03   1.45158e-05   1.29457e-02
   3  Sigma        5.37160e-01   2.88785e-03   4.40863e-06   2.06007e-02
Fit Parameters for Gaussian Function:
Mean: 30.4419
Sigma: 0.53716
=============================================================
+++++++++++++++++++++++++++++++++++++++++++++++++++++++++++++
 PARAMETER DEFINITIONS:
    NO.   NAME         VALUE      STEP SIZE      LIMITS
     1 N0           6.60000e+04  1.00000e+03    6.00000e+04  7.50000e+04
     2 Q_{0}        3.04419e+01  2.00000e-01    2.74419e+01  3.34419e+01
     3 Q_{1}        1.40000e+01  2.00000e-01    5.00000e+00  2.00000e+01
     4 #sigma_{0}   5.37160e-01  1.00000e-01    1.00000e-01  1.00000e+00
     5 #sigma_{1}   1.00000e+01  1.00000e+00    5.00000e+00  1.50000e+01
     6 w            1.00000e-01  1.00000e-02    1.00000e-02  2.00000e-01
     7 #alpha       4.00000e-01  5.00000e-02    1.00000e-01  8.00000e-01
     8 #mu          1.50000e+00  5.00000e-01    5.00000e-01  3.00000e+00
 **********
 **    1 **MIGRAD
 **********
 FIRST CALL TO USER FUNCTION AT NEW START POINT, WITH IFLAG=4.
 START MIGRAD MINIMIZATION.  STRATEGY  1.  CONVERGENCE WHEN EDM .LT. 1.00e-04
 FCN=2844.17 FROM MIGRAD    STATUS=INITIATE       87 CALLS          88 TOTAL
                     EDM= unknown      STRATEGY= 1      NO ERROR MATRIX       
  EXT PARAMETER               CURRENT GUESS       STEP         FIRST   
  NO.   NAME      VALUE            ERROR          SIZE      DERIVATIVE 
   1  N0           6.60000e+04   1.00000e+03   0.00000e+00  -1.03141e+03
   2  Q_{0}        3.04419e+01   2.00000e-01   0.00000e+00   6.21165e+04
   3  Q_{1}        1.40000e+01   2.00000e-01   0.00000e+00  -9.07189e+03
   4  #sigma_{0}   2.54936e-01   1.00000e-01   0.00000e+00   5.17002e+03
   5  #sigma_{1}   1.00000e+01   1.00000e+00   0.00000e+00  -7.66797e+02
   6  w            1.00000e-01   1.00000e-02   0.00000e+00  -5.40501e+02
   7  #alpha       1.00131e-01   5.00000e-02  -1.40012e+00   8.47865e+01
   8  #mu          1.50000e+00   5.00000e-01   0.00000e+00  -1.34848e+04
 MIGRAD MINIMIZATION HAS CONVERGED.
 MIGRAD WILL VERIFY CONVERGENCE AND ERROR MATRIX.
 COVARIANCE MATRIX CALCULATED SUCCESSFULLY
 FCN=69.7902 FROM HESSE     STATUS=OK             61 CALLS        1082 TOTAL
                     EDM=7.78426e-05    STRATEGY= 1      ERROR MATRIX ACCURATE 
  EXT PARAMETER                                   STEP         FIRST   
  NO.   NAME      VALUE            ERROR          SIZE      DERIVATIVE 
   1  N0           6.44048e+04   7.74179e+02   1.59777e-04   2.27875e-02
   2  Q_{0}        3.02223e+01   1.14366e-01   8.05461e-06  -2.33181e+00
   3  Q_{1}        1.17353e+01   4.56409e-01   3.13662e-05   1.37104e-01
   4  #sigma_{0}   3.28604e-01   6.90629e-02   4.89795e-05  -1.93124e-01
   5  #sigma_{1}   1.00421e+01   2.62563e-01   9.42039e-05   8.45056e-02
   6  w            1.99994e-01   1.50605e-01   6.89078e-03  -7.48115e-03
   7  #alpha       1.00000e-01   9.60425e-03   9.60847e-04** at limit **
   8  #mu          2.26843e+00   1.11750e-01   3.32017e-05  -2.99544e-01
 MIGRAD MINIMIZATION HAS CONVERGED.
 FCN=69.7901 FROM MIGRAD    STATUS=CONVERGED    1098 CALLS        1099 TOTAL
                     EDM=4.42899e-07    STRATEGY= 1  ERROR MATRIX UNCERTAINTY   1.9 per cent
  EXT PARAMETER                                   STEP         FIRST   
  NO.   NAME      VALUE            ERROR          SIZE      DERIVATIVE 
   1  N0           6.44085e+04   7.62094e+02   5.50709e-04  -6.26832e-03
   2  Q_{0}        3.02230e+01   1.11648e-01   2.16117e-04   1.99028e-01
   3  Q_{1}        1.17377e+01   4.48019e-01   3.17356e-04  -2.46120e-02
   4  #sigma_{0}   3.28214e-01   6.74341e-02  -9.95813e-04   2.13444e-02
   5  #sigma_{1}   1.00432e+01   2.58760e-01   2.29347e-04   2.25217e-03
   6  w            2.00000e-01   1.53383e-01   1.05026e-02  -6.11147e-04
   7  #alpha       1.00000e-01   9.60398e-03  -1.04611e-04** at limit **
   8  #mu          2.26782e+00   1.09499e-01  -5.32381e-04   1.28437e-02
 EXTERNAL ERROR MATRIX.    NDIM=  25    NPAR=  8    ERR DEF=1
  5.832e+05  7.748e+01  2.993e+02 -4.704e+01  1.750e+02 -1.061e-03  8.072e-09 -7.402e+01 
  7.748e+01  1.247e-02  4.886e-02 -7.546e-03  2.431e-02 -1.226e-07  2.639e-12 -1.211e-02 
  2.993e+02  4.886e-02  2.010e-01 -2.936e-02  9.198e-02  1.671e-07  1.542e-11 -4.873e-02 
 -4.704e+01 -7.546e-03 -2.936e-02  4.593e-03 -1.487e-02  5.700e-08 -1.608e-12  7.291e-03 
  1.750e+02  2.431e-02  9.198e-02 -1.487e-02  6.702e-02  2.916e-07 -3.688e-12 -2.295e-02 
 -1.061e-03 -1.226e-07  1.671e-07  5.700e-08  2.916e-07  3.100e-08 -5.151e-15 -1.779e-07 
  8.072e-09  2.639e-12  1.542e-11 -1.608e-12 -3.688e-12 -5.151e-15  1.147e-16 -2.484e-12 
 -7.402e+01 -1.211e-02 -4.873e-02  7.291e-03 -2.295e-02 -1.779e-07 -2.484e-12  1.203e-02 
 PARAMETER  CORRELATION COEFFICIENTS  
       NO.  GLOBAL      1      2      3      4      5      6      7      8
        1  0.93761   1.000  0.909  0.874 -0.909  0.885 -0.008  0.001 -0.884
        2  0.99864   0.909  1.000  0.976 -0.997  0.841 -0.006  0.002 -0.989
        3  0.99190   0.874  0.976  1.000 -0.966  0.793  0.002  0.003 -0.991
        4  0.99763  -0.909 -0.997 -0.966  1.000 -0.847  0.005 -0.002  0.981
        5  0.89653   0.885  0.841  0.793 -0.847  1.000  0.006 -0.001 -0.809
        6  0.14987  -0.008 -0.006  0.002  0.005  0.006  1.000 -0.003 -0.009
        7  0.01126   0.001  0.002  0.003 -0.002 -0.001 -0.003  1.000 -0.002
        8  0.99649  -0.884 -0.989 -0.991  0.981 -0.809 -0.009 -0.002  1.000
fit result : 64408.5	30.223	11.7377	0.328214	10.0432	0.2	0.1	2.26782
69.7901	4.42899e-07	8	
Chi-square per degree of freedom: 8.72376
+++++++++++++++++++++++++++++++++++++++++++++++++++++++++++++
 PARAMETER DEFINITIONS:
    NO.   NAME         VALUE      STEP SIZE      LIMITS
     1 N0           6.60000e+04  1.00000e+03    6.00000e+04  7.50000e+04
     2 Q_{0}        3.04419e+01  2.00000e-01    2.74419e+01  3.34419e+01
     3 Q_{1}        1.40000e+01  2.00000e-01    5.00000e+00  2.00000e+01
     4 #sigma_{0}   5.37160e-01  1.00000e-01    1.00000e-01  1.00000e+00
     5 #sigma_{1}   1.00000e+01  1.00000e+00    5.00000e+00  1.50000e+01
     6 w            1.00000e-01  1.00000e-02    1.00000e-02  2.00000e-01
     7 #alpha       4.00000e-01  5.00000e-02    1.00000e-01  8.00000e-01
     8 #mu          1.50000e+00  5.00000e-01    5.00000e-01  3.00000e+00
 **********
 **    1 **MIGRAD
 **********
 FIRST CALL TO USER FUNCTION AT NEW START POINT, WITH IFLAG=4.
 START MIGRAD MINIMIZATION.  STRATEGY  1.  CONVERGENCE WHEN EDM .LT. 1.00e-04
 FCN=3239.49 FROM MIGRAD    STATUS=INITIATE       90 CALLS          91 TOTAL
                     EDM= unknown      STRATEGY= 1      NO ERROR MATRIX       
  EXT PARAMETER               CURRENT GUESS       STEP         FIRST   
  NO.   NAME      VALUE            ERROR          SIZE      DERIVATIVE 
   1  N0           6.60000e+04   1.00000e+03   0.00000e+00  -1.35313e+03
   2  Q_{0}        3.04419e+01   2.00000e-01   0.00000e+00   7.37256e+04
   3  Q_{1}        1.40000e+01   2.00000e-01   0.00000e+00  -1.17011e+04
   4  #sigma_{0}   2.46645e-01   1.00000e-01   0.00000e+00   2.25115e+03
   5  #sigma_{1}   1.00000e+01   1.00000e+00   0.00000e+00  -1.55837e+03
   6  w            1.00000e-01   1.00000e-02   0.00000e+00  -5.51207e+02
   7  #alpha       1.00086e-01   5.00000e-02  -1.40524e+00   7.76899e+01
   8  #mu          1.50000e+00   5.00000e-01   0.00000e+00  -1.59168e+04
 MIGRAD MINIMIZATION HAS CONVERGED.
 MIGRAD WILL VERIFY CONVERGENCE AND ERROR MATRIX.
 COVARIANCE MATRIX CALCULATED SUCCESSFULLY
 FCN=80.0753 FROM HESSE     STATUS=OK             61 CALLS        1099 TOTAL
                     EDM=0.000118138    STRATEGY= 1      ERROR MATRIX ACCURATE 
  EXT PARAMETER                                   STEP         FIRST   
  NO.   NAME      VALUE            ERROR          SIZE      DERIVATIVE 
   1  N0           6.44920e+04   7.05638e+02   1.67723e-04   6.16375e-02
   2  Q_{0}        3.02330e+01   8.74775e-02   8.01486e-06   1.13228e+00
   3  Q_{1}        1.17839e+01   4.44985e-01   3.05405e-05  -4.05433e-02
   4  #sigma_{0}   3.22050e-01   5.41243e-02   5.31674e-05   5.07705e-02
   5  #sigma_{1}   1.00727e+01   2.25982e-01   9.72200e-05  -1.30291e-01
   6  w            1.99982e-01   1.74908e-01   1.00540e-02  -6.41221e-03
   7  #alpha       1.00000e-01   9.42328e-03   1.01755e-03   4.58257e-02
   8  #mu          2.25710e+00   1.07818e-01   3.31314e-05   1.64588e-01
 MIGRAD MINIMIZATION HAS CONVERGED.
 FCN=80.0752 FROM MIGRAD    STATUS=CONVERGED    1115 CALLS        1116 TOTAL
                     EDM=6.86491e-07    STRATEGY= 1  ERROR MATRIX UNCERTAINTY   0.7 per cent
  EXT PARAMETER                                   STEP         FIRST   
  NO.   NAME      VALUE            ERROR          SIZE      DERIVATIVE 
   1  N0           6.44886e+04   7.08807e+02  -5.00917e-04  -6.26057e-03
   2  Q_{0}        3.02326e+01   8.80681e-02  -1.44443e-04  -4.27709e-01
   3  Q_{1}        1.17819e+01   4.47717e-01  -2.69567e-04  -1.53352e-01
   4  #sigma_{0}   3.22315e-01   5.45159e-02   6.83578e-04  -2.39942e-02
   5  #sigma_{1}   1.00719e+01   2.27445e-01  -1.46188e-04   1.94961e-02
   6  w            2.00000e-01   1.75234e-01   1.85110e-02  -4.00313e-04
   7  #alpha       1.00000e-01   9.38214e-03  -1.24322e-03** at limit **
   8  #mu          2.25758e+00   1.08677e-01   4.20057e-04  -1.95388e-01
 EXTERNAL ERROR MATRIX.    NDIM=  25    NPAR=  8    ERR DEF=1
  5.042e+05  5.675e+01  2.761e+02 -3.524e+01  1.384e+02 -9.988e-03  3.043e-07 -6.839e+01 
  5.675e+01  7.758e-03  3.854e-02 -4.796e-03  1.641e-02 -1.209e-06  1.793e-10 -9.481e-03 
  2.761e+02  3.854e-02  2.007e-01 -2.364e-02  7.768e-02 -4.124e-06  1.577e-09 -4.838e-02 
 -3.524e+01 -4.796e-03 -2.364e-02  2.992e-03 -1.030e-02  7.054e-07 -1.189e-10  5.832e-03 
  1.384e+02  1.641e-02  7.768e-02 -1.030e-02  5.177e-02 -9.802e-07 -4.995e-11 -1.955e-02 
 -9.988e-03 -1.209e-06 -4.124e-06  7.054e-07 -9.802e-07  5.062e-08 -3.797e-13  6.791e-07 
  3.043e-07  1.793e-10  1.577e-09 -1.189e-10 -4.995e-11 -3.797e-13  1.293e-13 -3.412e-10 
 -6.839e+01 -9.481e-03 -4.838e-02  5.832e-03 -1.955e-02  6.791e-07 -3.412e-10  1.185e-02 
 PARAMETER  CORRELATION COEFFICIENTS  
       NO.  GLOBAL      1      2      3      4      5      6      7      8
        1  0.92960   1.000  0.907  0.868 -0.907  0.857 -0.063  0.001 -0.885
        2  0.99808   0.907  1.000  0.977 -0.996  0.819 -0.061  0.006 -0.989
        3  0.99329   0.868  0.977  1.000 -0.965  0.762 -0.041  0.010 -0.992
        4  0.99632  -0.907 -0.996 -0.965  1.000 -0.828  0.057 -0.006  0.980
        5  0.87483   0.857  0.819  0.762 -0.828  1.000 -0.019 -0.001 -0.789
        6  0.31127  -0.063 -0.061 -0.041  0.057 -0.019  1.000 -0.005  0.028
        7  0.02849   0.001  0.006  0.010 -0.006 -0.001 -0.005  1.000 -0.009
        8  0.99690  -0.885 -0.989 -0.992  0.980 -0.789  0.028 -0.009  1.000
fit result : 64488.6	30.2326	11.7819	0.322315	10.0719	0.2	0.1	2.25758
80.0752	6.86491e-07	8	
Chi-square per degree of freedom: 10.0094
+++++++++++++++++++++++++++++++++++++++++++++++++++++++++++++
 PARAMETER DEFINITIONS:
    NO.   NAME         VALUE      STEP SIZE      LIMITS
     1 N0           6.60000e+04  1.00000e+03    6.00000e+04  7.50000e+04
     2 Q_{0}        3.04419e+01  2.00000e-01    2.74419e+01  3.34419e+01
     3 Q_{1}        1.40000e+01  2.00000e-01    5.00000e+00  2.00000e+01
     4 #sigma_{0}   5.37160e-01  1.00000e-01    1.00000e-01  1.00000e+00
     5 #sigma_{1}   1.00000e+01  1.00000e+00    5.00000e+00  1.50000e+01
     6 w            1.00000e-01  1.00000e-02    1.00000e-02  2.00000e-01
     7 #alpha       4.00000e-01  5.00000e-02    1.00000e-01  8.00000e-01
     8 #mu          1.50000e+00  5.00000e-01    5.00000e-01  3.00000e+00
 **********
 **    1 **MIGRAD
 **********
 FIRST CALL TO USER FUNCTION AT NEW START POINT, WITH IFLAG=4.
 START MIGRAD MINIMIZATION.  STRATEGY  1.  CONVERGENCE WHEN EDM .LT. 1.00e-04
 FCN=3566.13 FROM MIGRAD    STATUS=INITIATE       89 CALLS          90 TOTAL
                     EDM= unknown      STRATEGY= 1      NO ERROR MATRIX       
  EXT PARAMETER               CURRENT GUESS       STEP         FIRST   
  NO.   NAME      VALUE            ERROR          SIZE      DERIVATIVE 
   1  N0           6.60000e+04   1.00000e+03   0.00000e+00  -1.56649e+03
   2  Q_{0}        3.04419e+01   2.00000e-01   0.00000e+00   8.33276e+04
   3  Q_{1}        1.40000e+01   2.00000e-01   0.00000e+00  -1.37491e+04
   4  #sigma_{0}   2.41178e-01   1.00000e-01   0.00000e+00  -1.81622e+02
   5  #sigma_{1}   1.00000e+01   1.00000e+00   0.00000e+00  -2.29513e+03
   6  w            1.00000e-01   1.00000e-02   0.00000e+00  -5.50380e+02
   7  #alpha       1.00497e-01   5.00000e-02  -1.48076e+00  -1.98639e+02
   8  #mu          1.50000e+00   5.00000e-01   0.00000e+00  -1.77702e+04
 MIGRAD MINIMIZATION HAS CONVERGED.
 MIGRAD WILL VERIFY CONVERGENCE AND ERROR MATRIX.
 COVARIANCE MATRIX CALCULATED SUCCESSFULLY
 FCN=85.5007 FROM MIGRAD    STATUS=CONVERGED    1148 CALLS        1149 TOTAL
                     EDM=3.06958e-06    STRATEGY= 1      ERROR MATRIX ACCURATE 
  EXT PARAMETER                                   STEP         FIRST   
  NO.   NAME      VALUE            ERROR          SIZE      DERIVATIVE 
   1  N0           6.43926e+04   5.95597e+02   1.72707e-04   1.16748e-02
   2  Q_{0}        3.02218e+01   9.64090e-02   8.92936e-06  -6.05406e-01
   3  Q_{1}        1.17321e+01   3.76087e-01   2.91414e-05   1.74969e-02
   4  #sigma_{0}   3.28917e-01   5.81537e-02   5.41043e-05  -8.65156e-02
   5  #sigma_{1}   1.00381e+01   1.95298e-01   9.48685e-05   3.01721e-02
   6  w            2.00000e-01   1.50756e-01   7.60503e-03** at limit **
   7  #alpha       1.00000e-01   9.55452e-03   1.06284e-03** at limit **
   8  #mu          2.26876e+00   9.47197e-02   3.28441e-05  -2.68412e-02
 EXTERNAL ERROR MATRIX.    NDIM=  25    NPAR=  8    ERR DEF=1
  3.556e+05  5.038e+01  1.836e+02 -3.050e+01  9.420e+01  3.964e-05 -2.235e-06 -4.796e+01 
  5.038e+01  9.298e-03  3.506e-02 -5.606e-03  1.468e-02  5.577e-09  1.427e-10 -9.010e-03 
  1.836e+02  3.506e-02  1.416e-01 -2.093e-02  5.105e-02  9.232e-09  3.894e-09 -3.531e-02 
 -3.050e+01 -5.606e-03 -2.093e-02  3.407e-03 -8.989e-03 -3.059e-09 -1.023e-10  5.396e-03 
  9.420e+01  1.468e-02  5.105e-02 -8.989e-03  3.816e-02 -3.564e-09 -4.105e-09 -1.373e-02 
  3.964e-05  5.577e-09  9.232e-09 -3.059e-09 -3.564e-09  5.354e-11  9.244e-18  3.377e-10 
 -2.235e-06  1.427e-10  3.894e-09 -1.023e-10 -4.105e-09  9.244e-18  5.591e-11 -2.052e-10 
 -4.796e+01 -9.010e-03 -3.531e-02  5.396e-03 -1.373e-02  3.377e-10 -2.052e-10  8.993e-03 
 PARAMETER  CORRELATION COEFFICIENTS  
       NO.  GLOBAL      1      2      3      4      5      6      7      8
        1  0.90029   1.000  0.876  0.818 -0.876  0.809  0.009 -0.001 -0.848
        2  0.99814   0.876  1.000  0.966 -0.996  0.779  0.008  0.000 -0.985
        3  0.99187   0.818  0.966  1.000 -0.953  0.695  0.003  0.001 -0.990
        4  0.99679  -0.876 -0.996 -0.953  1.000 -0.788 -0.007 -0.000  0.975
        5  0.84506   0.809  0.779  0.695 -0.788  1.000 -0.002 -0.003 -0.741
        6  0.07416   0.009  0.008  0.003 -0.007 -0.002  1.000  0.000  0.000
        7  0.00863  -0.001  0.000  0.001 -0.000 -0.003  0.000  1.000 -0.000
        8  0.99623  -0.848 -0.985 -0.990  0.975 -0.741  0.000 -0.000  1.000
fit result : 64392.6	30.2218	11.7321	0.328917	10.0381	0.2	0.1	2.26876
85.5007	3.06958e-06	8	
Chi-square per degree of freedom: 10.6876
+++++++++++++++++++++++++++++++++++++++++++++++++++++++++++++
 PARAMETER DEFINITIONS:
    NO.   NAME         VALUE      STEP SIZE      LIMITS
     1 N0           6.60000e+04  1.00000e+03    6.00000e+04  7.50000e+04
     2 Q_{0}        3.04419e+01  2.00000e-01    2.74419e+01  3.34419e+01
     3 Q_{1}        1.40000e+01  2.00000e-01    5.00000e+00  2.00000e+01
     4 #sigma_{0}   5.37160e-01  1.00000e-01    1.00000e-01  1.00000e+00
     5 #sigma_{1}   1.00000e+01  1.00000e+00    5.00000e+00  1.50000e+01
     6 w            1.00000e-01  1.00000e-02    1.00000e-02  2.00000e-01
     7 #alpha       4.00000e-01  5.00000e-02    1.00000e-01  8.00000e-01
     8 #mu          1.50000e+00  5.00000e-01    5.00000e-01  3.00000e+00
 **********
 **    1 **MIGRAD
 **********
 FIRST CALL TO USER FUNCTION AT NEW START POINT, WITH IFLAG=4.
 START MIGRAD MINIMIZATION.  STRATEGY  1.  CONVERGENCE WHEN EDM .LT. 1.00e-04
 FCN=3862.09 FROM MIGRAD    STATUS=INITIATE       91 CALLS          92 TOTAL
                     EDM= unknown      STRATEGY= 1      NO ERROR MATRIX       
  EXT PARAMETER               CURRENT GUESS       STEP         FIRST   
  NO.   NAME      VALUE            ERROR          SIZE      DERIVATIVE 
   1  N0           6.60000e+04   1.00000e+03   0.00000e+00  -1.72559e+03
   2  Q_{0}        3.04419e+01   2.00000e-01   0.00000e+00   9.22795e+04
   3  Q_{1}        1.40000e+01   2.00000e-01   0.00000e+00  -1.53886e+04
   4  #sigma_{0}   2.36869e-01   1.00000e-01   0.00000e+00  -2.44282e+03
   5  #sigma_{1}   1.00000e+01   1.00000e+00   0.00000e+00  -2.97895e+03
   6  w            1.00000e-01   1.00000e-02   0.00000e+00  -5.48108e+02
   7  #alpha       1.00129e-01   5.00000e-02  -1.45456e+00  -1.06363e+02
   8  #mu          1.50000e+00   5.00000e-01   0.00000e+00  -1.91741e+04
 MIGRAD MINIMIZATION HAS CONVERGED.
 MIGRAD WILL VERIFY CONVERGENCE AND ERROR MATRIX.
 COVARIANCE MATRIX CALCULATED SUCCESSFULLY
 FCN=93.1075 FROM HESSE     STATUS=OK             63 CALLS        1087 TOTAL
                     EDM=0.000100319    STRATEGY= 1      ERROR MATRIX ACCURATE 
  EXT PARAMETER                                   STEP         FIRST   
  NO.   NAME      VALUE            ERROR          SIZE      DERIVATIVE 
   1  N0           6.45426e+04   5.96345e+02   1.77987e-04  -6.35783e-03
   2  Q_{0}        3.02393e+01   6.85549e-02   8.28664e-06   3.51198e-01
   3  Q_{1}        1.18172e+01   3.97145e-01   2.91344e-05  -8.86558e-02
   4  #sigma_{0}   3.18125e-01   4.29974e-02   5.76999e-05  -6.61853e-02
   5  #sigma_{1}   1.00909e+01   1.77271e-01   9.44039e-05  -3.93793e-02
   6  w            1.99969e-01   1.83163e-01   1.04708e-02  -5.89643e-03
   7  #alpha       1.00000e-01   9.11364e-03   1.09134e-03  -4.75268e-02
   8  #mu          2.24896e+00   9.65176e-02   3.28259e-05   5.25601e-02
 MIGRAD MINIMIZATION HAS CONVERGED.
 FCN=93.1074 FROM MIGRAD    STATUS=CONVERGED    1107 CALLS        1108 TOTAL
                     EDM=2.44528e-06    STRATEGY= 1  ERROR MATRIX UNCERTAINTY   3.0 per cent
  EXT PARAMETER                                   STEP         FIRST   
  NO.   NAME      VALUE            ERROR          SIZE      DERIVATIVE 
   1  N0           6.45409e+04   5.95140e+02  -2.50165e-04  -7.41258e-03
   2  Q_{0}        3.02390e+01   6.84634e-02  -7.23534e-05  -1.03747e+00
   3  Q_{1}        1.18162e+01   3.97191e-01  -1.37742e-04  -2.44154e-01
   4  #sigma_{0}   3.18261e-01   4.29614e-02   3.52595e-04  -5.25353e-02
   5  #sigma_{1}   1.00906e+01   1.77498e-01  -5.79796e-05   1.77553e-02
   6  w            1.99999e-01   1.86394e-01   2.20262e-02  -1.03601e-03
   7  #alpha       1.00000e-01   8.95665e-03   1.33274e-03** at limit **
   8  #mu          2.24919e+00   9.66265e-02   2.04853e-04  -3.62651e-01
 EXTERNAL ERROR MATRIX.    NDIM=  25    NPAR=  8    ERR DEF=1
  3.551e+05  3.589e+01  1.954e+02 -2.255e+01  8.219e+01 -4.640e-02  3.773e-05 -4.913e+01 
  3.589e+01  4.688e-03  2.641e-02 -2.927e-03  9.042e-03 -5.016e-06  3.320e-09 -6.529e-03 
  1.954e+02  2.641e-02  1.579e-01 -1.632e-02  4.664e-02 -1.684e-05  4.044e-09 -3.809e-02 
 -2.255e+01 -2.927e-03 -1.632e-02  1.853e-03 -5.789e-03  2.894e-06 -1.905e-09  4.051e-03 
  8.219e+01  9.042e-03  4.664e-02 -5.789e-03  3.152e-02  6.814e-07  3.324e-09 -1.222e-02 
 -4.640e-02 -5.016e-06 -1.684e-05  2.894e-06  6.814e-07  8.325e-07  2.102e-10  1.871e-06 
  3.773e-05  3.320e-09  4.044e-09 -1.905e-09  3.324e-09  2.102e-10  5.004e-11 -1.236e-10 
 -4.913e+01 -6.529e-03 -3.809e-02  4.051e-03 -1.222e-02  1.871e-06 -1.236e-10  9.359e-03 
 PARAMETER  CORRELATION COEFFICIENTS  
       NO.  GLOBAL      1      2      3      4      5      6      7      8
        1  0.90060   1.000  0.880  0.825 -0.879  0.777 -0.085  0.009 -0.852
        2  0.99709   0.880  1.000  0.971 -0.993  0.744 -0.080  0.007 -0.986
        3  0.99331   0.825  0.971  1.000 -0.954  0.661 -0.046  0.001 -0.991
        4  0.99402  -0.879 -0.993 -0.954  1.000 -0.757  0.074 -0.006  0.973
        5  0.82801   0.777  0.744  0.661 -0.757  1.000  0.004  0.003 -0.712
        6  0.47204  -0.085 -0.080 -0.046  0.074  0.004  1.000  0.033  0.021
        7  0.07663   0.009  0.007  0.001 -0.006  0.003  0.033  1.000 -0.000
        8  0.99669  -0.852 -0.986 -0.991  0.973 -0.712  0.021 -0.000  1.000
fit result : 64540.9	30.239	11.8162	0.318261	10.0906	0.199999	0.1	2.24919
93.1074	2.44528e-06	8	
Chi-square per degree of freedom: 11.6384
+++++++++++++++++++++++++++++++++++++++++++++++++++++++++++++
 PARAMETER DEFINITIONS:
    NO.   NAME         VALUE      STEP SIZE      LIMITS
     1 N0           6.60000e+04  1.00000e+03    6.00000e+04  7.50000e+04
     2 Q_{0}        3.04419e+01  2.00000e-01    2.74419e+01  3.34419e+01
     3 Q_{1}        1.40000e+01  2.00000e-01    5.00000e+00  2.00000e+01
     4 #sigma_{0}   5.37160e-01  1.00000e-01    1.00000e-01  1.00000e+00
     5 #sigma_{1}   1.00000e+01  1.00000e+00    5.00000e+00  1.50000e+01
     6 w            1.00000e-01  1.00000e-02    1.00000e-02  2.00000e-01
     7 #alpha       4.00000e-01  5.00000e-02    1.00000e-01  8.00000e-01
     8 #mu          1.50000e+00  5.00000e-01    5.00000e-01  3.00000e+00
 **********
 **    1 **MIGRAD
 **********
 FIRST CALL TO USER FUNCTION AT NEW START POINT, WITH IFLAG=4.
 START MIGRAD MINIMIZATION.  STRATEGY  1.  CONVERGENCE WHEN EDM .LT. 1.00e-04
 FCN=4000.92 FROM MIGRAD    STATUS=INITIATE       91 CALLS          92 TOTAL
                     EDM= unknown      STRATEGY= 1      NO ERROR MATRIX       
  EXT PARAMETER               CURRENT GUESS       STEP         FIRST   
  NO.   NAME      VALUE            ERROR          SIZE      DERIVATIVE 
   1  N0           6.60000e+04   1.00000e+03   0.00000e+00  -1.79623e+03
   2  Q_{0}        3.04419e+01   2.00000e-01   0.00000e+00   9.65239e+04
   3  Q_{1}        1.40000e+01   2.00000e-01   0.00000e+00  -1.62383e+04
   4  #sigma_{0}   2.35023e-01   1.00000e-01   0.00000e+00  -3.51245e+03
   5  #sigma_{1}   1.00000e+01   1.00000e+00   0.00000e+00  -3.36140e+03
   6  w            1.00000e-01   1.00000e-02   0.00000e+00  -5.47272e+02
   7  #alpha       1.00052e-01   5.00000e-02  -1.44475e+00  -6.93507e+01
   8  #mu          1.50000e+00   5.00000e-01   0.00000e+00  -1.99162e+04
 MIGRAD MINIMIZATION HAS CONVERGED.
 FCN=101.502 FROM MIGRAD    STATUS=CONVERGED    1249 CALLS        1250 TOTAL
                     EDM=9.37744e-06    STRATEGY= 1  ERROR MATRIX UNCERTAINTY   6.3 per cent
  EXT PARAMETER                                   STEP         FIRST   
  NO.   NAME      VALUE            ERROR          SIZE      DERIVATIVE 
   1  N0           6.43299e+04   4.55148e+02   2.05138e-04  -5.56356e-03
   2  Q_{0}        3.02089e+01   1.01740e-01   6.56371e-05  -2.37349e-01
   3  Q_{1}        1.16913e+01   2.65518e-01  -6.95539e-06   1.52423e-01
   4  #sigma_{0}   3.36654e-01   5.91148e-02  -3.93473e-04   3.92244e-02
   5  #sigma_{1}   1.00130e+01   1.52916e-01   6.19229e-05   2.09781e-02
   6  w            1.99979e-01   1.32945e-01  -4.52835e-03  -1.58959e-02
   7  #alpha       1.00003e-01   4.64645e-03  -2.51296e-04   1.35540e-01
   8  #mu          2.27965e+00   6.85621e-02  -3.02206e-05   1.54423e-01
 EXTERNAL ERROR MATRIX.    NDIM=  25    NPAR=  8    ERR DEF=1
  2.075e+05  3.666e+01  8.223e+01 -2.140e+01  4.901e+01 -3.547e-01  4.176e-02 -2.318e+01 
  3.666e+01  1.036e-02  2.524e-02 -6.011e-03  1.041e-02 -9.654e-05  1.237e-05 -6.769e-03 
  8.223e+01  2.524e-02  7.053e-02 -1.444e-02  2.099e-02 -1.982e-04  3.300e-05 -1.781e-02 
 -2.140e+01 -6.011e-03 -1.444e-02  3.521e-03 -6.205e-03  5.479e-05 -7.229e-06  3.902e-03 
  4.901e+01  1.041e-02  2.099e-02 -6.205e-03  2.339e-02 -6.616e-05  1.408e-05 -6.474e-03 
 -3.547e-01 -9.654e-05 -1.982e-04  5.479e-05 -6.616e-05  7.373e-06  3.563e-07  4.638e-05 
  4.176e-02  1.237e-05  3.300e-05 -7.229e-06  1.408e-05  3.563e-07  5.079e-08 -9.165e-06 
 -2.318e+01 -6.769e-03 -1.781e-02  3.902e-03 -6.474e-03  4.638e-05 -9.165e-06  4.707e-03 
 PARAMETER  CORRELATION COEFFICIENTS  
       NO.  GLOBAL      1      2      3      4      5      6      7      8
        1  0.83060   1.000  0.791  0.680 -0.792  0.704 -0.287  0.407 -0.742
        2  0.99842   0.791  1.000  0.934 -0.996  0.669 -0.349  0.539 -0.970
        3  0.98752   0.680  0.934  1.000 -0.916  0.517 -0.275  0.551 -0.978
        4  0.99660  -0.792 -0.996 -0.916  1.000 -0.684  0.340 -0.541  0.959
        5  0.79158   0.704  0.669  0.517 -0.684  1.000 -0.159  0.409 -0.617
        6  0.98689  -0.287 -0.349 -0.275  0.340 -0.159  1.000  0.582  0.249
        7  0.98813   0.407  0.539  0.551 -0.541  0.409  0.582  1.000 -0.593
        8  0.99460  -0.742 -0.970 -0.978  0.959 -0.617  0.249 -0.593  1.000
fit result : 64329.9	30.2089	11.6913	0.336654	10.013	0.199979	0.100003	2.27965
101.502	9.37744e-06	8	
Chi-square per degree of freedom: 12.6878
+++++++++++++++++++++++++++++++++++++++++++++++++++++++++++++
 PARAMETER DEFINITIONS:
    NO.   NAME         VALUE      STEP SIZE      LIMITS
     1 N0           6.60000e+04  1.00000e+03    6.00000e+04  7.50000e+04
     2 Q_{0}        3.04419e+01  2.00000e-01    2.74419e+01  3.34419e+01
     3 Q_{1}        1.40000e+01  2.00000e-01    5.00000e+00  2.00000e+01
     4 #sigma_{0}   5.37160e-01  1.00000e-01    1.00000e-01  1.00000e+00
     5 #sigma_{1}   1.00000e+01  1.00000e+00    5.00000e+00  1.50000e+01
     6 w            1.00000e-01  1.00000e-02    1.00000e-02  2.00000e-01
     7 #alpha       4.00000e-01  5.00000e-02    1.00000e-01  8.00000e-01
     8 #mu          1.50000e+00  5.00000e-01    5.00000e-01  3.00000e+00
 **********
 **    1 **MIGRAD
 **********
 FIRST CALL TO USER FUNCTION AT NEW START POINT, WITH IFLAG=4.
 START MIGRAD MINIMIZATION.  STRATEGY  1.  CONVERGENCE WHEN EDM .LT. 1.00e-04
 FCN=4143.67 FROM MIGRAD    STATUS=INITIATE       91 CALLS          92 TOTAL
                     EDM= unknown      STRATEGY= 1      NO ERROR MATRIX       
  EXT PARAMETER               CURRENT GUESS       STEP         FIRST   
  NO.   NAME      VALUE            ERROR          SIZE      DERIVATIVE 
   1  N0           6.60000e+04   1.00000e+03   0.00000e+00  -1.85630e+03
   2  Q_{0}        3.04419e+01   2.00000e-01   0.00000e+00   1.00806e+05
   3  Q_{1}        1.40000e+01   2.00000e-01   0.00000e+00  -1.69780e+04
   4  #sigma_{0}   2.33276e-01   1.00000e-01   0.00000e+00  -4.58507e+03
   5  #sigma_{1}   1.00000e+01   1.00000e+00   0.00000e+00  -3.72528e+03
   6  w            1.00000e-01   1.00000e-02   0.00000e+00  -5.41746e+02
   7  #alpha       1.00008e-01   5.00000e-02  -1.43416e+00  -2.73313e+01
   8  #mu          1.50000e+00   5.00000e-01   0.00000e+00  -2.05141e+04
 MIGRAD MINIMIZATION HAS CONVERGED.
 MIGRAD WILL VERIFY CONVERGENCE AND ERROR MATRIX.
 COVARIANCE MATRIX CALCULATED SUCCESSFULLY
 FCN=111.843 FROM HESSE     STATUS=OK             61 CALLS         889 TOTAL
                     EDM=0.00359445    STRATEGY= 1      ERROR MATRIX ACCURATE 
  EXT PARAMETER                                   STEP         FIRST   
  NO.   NAME      VALUE            ERROR          SIZE      DERIVATIVE 
   1  N0           6.44490e+04   5.24633e+02   1.95139e-04  -5.24726e-02
   2  Q_{0}        3.02296e+01   7.31195e-02   9.68719e-06   3.15362e+00
   3  Q_{1}        1.17645e+01   3.36966e-01   3.00560e-05   8.62793e-02
   4  #sigma_{0}   3.24215e-01   4.46369e-02   6.24139e-05  -1.63986e-01
   5  #sigma_{1}   1.00555e+01   1.53986e-01   9.54993e-05  -7.81547e-02
   6  w            1.99702e-01   1.69855e-01   5.29087e-03   3.55884e-02
   7  #alpha       1.00000e-01   9.55899e-03   1.20664e-03** at limit **
   8  #mu          2.26120e+00   8.39588e-02   3.49949e-05   3.94968e-01
 MIGRAD MINIMIZATION HAS CONVERGED.
 MIGRAD WILL VERIFY CONVERGENCE AND ERROR MATRIX.
 COVARIANCE MATRIX CALCULATED SUCCESSFULLY
 FCN=111.84 FROM MIGRAD    STATUS=CONVERGED    1039 CALLS        1040 TOTAL
                     EDM=5.6555e-07    STRATEGY= 1      ERROR MATRIX ACCURATE 
  EXT PARAMETER                                   STEP         FIRST   
  NO.   NAME      VALUE            ERROR          SIZE      DERIVATIVE 
   1  N0           6.44320e+04   5.16235e+02   1.95316e-04  -6.89620e-03
   2  Q_{0}        3.02267e+01   7.78328e-02   9.88770e-06  -1.04251e-01
   3  Q_{1}        1.17529e+01   3.41321e-01   3.00263e-05  -8.25561e-02
   4  #sigma_{0}   3.25952e-01   4.74432e-02   6.21805e-05  -6.89913e-03
   5  #sigma_{1}   1.00522e+01   1.55100e-01   9.54267e-05  -4.06027e-03
   6  w            2.00000e-01   1.58282e-01   9.40677e-03** at limit **
   7  #alpha       1.00000e-01   9.44282e-03   1.20873e-03** at limit **
   8  #mu          2.26400e+00   8.57717e-02   3.50553e-05  -6.96964e-02
 EXTERNAL ERROR MATRIX.    NDIM=  25    NPAR=  8    ERR DEF=1
  2.670e+05  3.390e+01  1.358e+02 -2.070e+01  5.802e+01  2.013e-04 -2.598e-07 -3.594e+01 
  3.390e+01  6.059e-03  2.551e-02 -3.680e-03  8.411e-03  2.550e-08  3.811e-11 -6.566e-03 
  1.358e+02  2.551e-02  1.166e-01 -1.529e-02  3.077e-02  3.869e-08  7.394e-10 -2.896e-02 
 -2.070e+01 -3.680e-03 -1.529e-02  2.262e-03 -5.238e-03 -1.376e-08 -2.607e-11  3.955e-03 
  5.802e+01  8.411e-03  3.077e-02 -5.238e-03  2.406e-02 -3.230e-08 -6.584e-10 -8.690e-03 
  2.013e-04  2.550e-08  3.869e-08 -1.376e-08 -3.230e-08  1.071e-09  5.656e-17  5.603e-09 
 -2.598e-07  3.811e-11  7.394e-10 -2.607e-11 -6.584e-10  5.656e-17  9.088e-13 -5.235e-11 
 -3.594e+01 -6.566e-03 -2.896e-02  3.955e-03 -8.690e-03  5.603e-09 -5.235e-11  7.371e-03 
 PARAMETER  CORRELATION COEFFICIENTS  
       NO.  GLOBAL      1      2      3      4      5      6      7      8
        1  0.86675   1.000  0.843  0.770 -0.842  0.724  0.012 -0.001 -0.810
        2  0.99732   0.843  1.000  0.960 -0.994  0.697  0.010  0.001 -0.983
        3  0.99196   0.770  0.960  1.000 -0.942  0.581  0.003  0.002 -0.988
        4  0.99515  -0.842 -0.994 -0.942  1.000 -0.710 -0.009 -0.001  0.969
        5  0.80522   0.724  0.697  0.581 -0.710  1.000 -0.006 -0.004 -0.652
        6  0.09653   0.012  0.010  0.003 -0.009 -0.006  1.000  0.000  0.002
        7  0.01173  -0.001  0.001  0.002 -0.001 -0.004  0.000  1.000 -0.001
        8  0.99597  -0.810 -0.983 -0.988  0.969 -0.652  0.002 -0.001  1.000
fit result : 64432	30.2267	11.7529	0.325952	10.0522	0.2	0.1	2.264
111.84	5.6555e-07	8	
Chi-square per degree of freedom: 13.98
=============================================================
+++++++++++++++++++++++++++++++++++++++++++++++++++++++++++++
 PARAMETER DEFINITIONS:
    NO.   NAME         VALUE      STEP SIZE      LIMITS
     1 N0           6.60000e+04  1.00000e+03    6.00000e+04  7.50000e+04
     2 Q_{0}        3.04419e+01  2.00000e-01    2.74419e+01  3.34419e+01
     3 Q_{1}        1.40000e+01  2.00000e-01    5.00000e+00  2.00000e+01
     4 #sigma_{0}   5.37160e-01  1.00000e-01    1.00000e-01  1.00000e+00
     5 #sigma_{1}   1.00000e+01  1.00000e+00    5.00000e+00  1.50000e+01
     6 w            1.00000e-01  1.00000e-02    1.00000e-02  2.00000e-01
     7 #alpha       4.00000e-01  5.00000e-02    1.00000e-01  8.00000e-01
     8 #mu          1.50000e+00  5.00000e-01    5.00000e-01  3.00000e+00
 **********
 **    1 **MIGRAD
 **********
 FIRST CALL TO USER FUNCTION AT NEW START POINT, WITH IFLAG=4.
 START MIGRAD MINIMIZATION.  STRATEGY  1.  CONVERGENCE WHEN EDM .LT. 1.00e-04
 FCN=21212.2 FROM MIGRAD    STATUS=INITIATE       30 CALLS          31 TOTAL
                     EDM= unknown      STRATEGY= 1      NO ERROR MATRIX       
  EXT PARAMETER               CURRENT GUESS       STEP         FIRST   
  NO.   NAME      VALUE            ERROR          SIZE      DERIVATIVE 
   1  N0           6.60000e+04   1.00000e+03   1.36560e-01  -2.31080e+03
   2  Q_{0}        3.04419e+01   2.00000e-01   6.67161e-02   1.52044e+05
   3  Q_{1}        1.40000e+01   2.00000e-01   2.72203e-02   2.42909e+03
   4  #sigma_{0}   5.37160e-01   1.00000e-01   2.24191e-01  -4.45861e+04
   5  #sigma_{1}   1.00000e+01   1.00000e+00   2.01358e-01  -9.87417e+03
   6  w            1.00000e-01   1.00000e-02   1.05607e-01   8.91587e+02
   7  #alpha       4.00000e-01   5.00000e-02   1.44876e-01   1.85261e+02
   8  #mu          1.50000e+00   5.00000e-01   4.22430e-01  -1.40811e+04
 MIGRAD MINIMIZATION HAS CONVERGED.
 MIGRAD WILL VERIFY CONVERGENCE AND ERROR MATRIX.
 COVARIANCE MATRIX CALCULATED SUCCESSFULLY
 FCN=80.5372 FROM MIGRAD    STATUS=CONVERGED     665 CALLS         666 TOTAL
                     EDM=6.25541e-06    STRATEGY= 1      ERROR MATRIX ACCURATE 
  EXT PARAMETER                                   STEP         FIRST   
  NO.   NAME      VALUE            ERROR          SIZE      DERIVATIVE 
   1  N0           6.81395e+04   3.42401e+02   1.61286e-04  -5.32234e-02
   2  Q_{0}        2.96613e+01   8.83955e-03   1.10550e-05   1.02906e-01
   3  Q_{1}        1.39352e+01   1.65621e-01   4.03017e-05  -2.16838e-01
   4  #sigma_{0}   5.72256e-01   8.85465e-03   7.56741e-05   7.66768e-02
   5  #sigma_{1}   1.05935e+01   1.59863e-01   1.10381e-04  -2.02849e-02
   6  w            1.52612e-01   3.33975e-02   4.50075e-04  -1.97906e-03
   7  #alpha       1.00000e-01   5.29210e-03   7.63422e-04** at limit **
   8  #mu          1.91097e+00   4.08990e-02   2.83349e-05  -1.81467e-01
 EXTERNAL ERROR MATRIX.    NDIM=  25    NPAR=  8    ERR DEF=1
  1.173e+05 -4.026e-01  1.798e+01 -3.708e-02 -1.799e+01 -4.038e+00  2.211e-06 -5.508e+00 
 -4.026e-01  7.814e-05 -5.712e-04  2.720e-05 -3.569e-04  1.631e-04 -2.449e-11  1.762e-04 
  1.798e+01 -5.712e-04  2.743e-02 -1.203e-04  4.045e-03 -4.503e-03  2.709e-09 -6.035e-03 
 -3.708e-02  2.720e-05 -1.203e-04  7.841e-05 -4.441e-04  9.567e-05 -1.813e-12  7.655e-05 
 -1.799e+01 -3.569e-04  4.045e-03 -4.441e-04  2.557e-02 -1.901e-03 -4.737e-09 -1.566e-03 
 -4.038e+00  1.631e-04 -4.503e-03  9.567e-05 -1.901e-03  1.183e-03  1.554e-10  1.340e-03 
  2.211e-06 -2.449e-11  2.709e-09 -1.813e-12 -4.737e-09  1.554e-10  8.563e-11  1.449e-10 
 -5.508e+00  1.762e-04 -6.035e-03  7.655e-05 -1.566e-03  1.340e-03  1.449e-10  1.673e-03 
 PARAMETER  CORRELATION COEFFICIENTS  
       NO.  GLOBAL      1      2      3      4      5      6      7      8
        1  0.60262   1.000 -0.133  0.317 -0.012 -0.329 -0.343  0.001 -0.393
        2  0.57010  -0.133  1.000 -0.390  0.347 -0.253  0.536 -0.000  0.487
        3  0.91378   0.317 -0.390  1.000 -0.082  0.153 -0.790  0.002 -0.891
        4  0.49091  -0.012  0.347 -0.082  1.000 -0.314  0.314 -0.000  0.211
        5  0.62920  -0.329 -0.253  0.153 -0.314  1.000 -0.346 -0.003 -0.239
        6  0.96977  -0.343  0.536 -0.790  0.314 -0.346  1.000  0.000  0.953
        7  0.00623   0.001 -0.000  0.002 -0.000 -0.003  0.000  1.000  0.000
        8  0.98085  -0.393  0.487 -0.891  0.211 -0.239  0.953  0.000  1.000
fit result : 68139.5	29.6613	13.9352	0.572256	10.5935	0.152612	0.1	1.91097
80.5372	6.25541e-06	8	
Chi-square per degree of freedom: 10.0671
+++++++++++++++++++++++++++++++++++++++++++++++++++++++++++++
 PARAMETER DEFINITIONS:
    NO.   NAME         VALUE      STEP SIZE      LIMITS
     1 N0           6.60000e+04  1.00000e+03    6.00000e+04  7.50000e+04
     2 Q_{0}        3.04419e+01  2.00000e-01    2.74419e+01  3.34419e+01
     3 Q_{1}        1.40000e+01  2.00000e-01    5.00000e+00  2.00000e+01
     4 #sigma_{0}   5.37160e-01  1.00000e-01    1.00000e-01  1.00000e+00
     5 #sigma_{1}   1.00000e+01  1.00000e+00    5.00000e+00  1.50000e+01
     6 w            1.00000e-01  1.00000e-02    1.00000e-02  2.00000e-01
     7 #alpha       4.00000e-01  5.00000e-02    1.00000e-01  8.00000e-01
     8 #mu          1.50000e+00  5.00000e-01    5.00000e-01  3.00000e+00
 **********
 **    1 **MIGRAD
 **********
 FIRST CALL TO USER FUNCTION AT NEW START POINT, WITH IFLAG=4.
 START MIGRAD MINIMIZATION.  STRATEGY  1.  CONVERGENCE WHEN EDM .LT. 1.00e-04
 FCN=21795.3 FROM MIGRAD    STATUS=INITIATE       32 CALLS          33 TOTAL
                     EDM= unknown      STRATEGY= 1      NO ERROR MATRIX       
  EXT PARAMETER               CURRENT GUESS       STEP         FIRST   
  NO.   NAME      VALUE            ERROR          SIZE      DERIVATIVE 
   1  N0           6.60000e+04   1.00000e+03   1.36560e-01  -2.54362e+03
   2  Q_{0}        3.04419e+01   2.00000e-01   6.67161e-02   1.51654e+05
   3  Q_{1}        1.40000e+01   2.00000e-01   2.72203e-02  -6.23418e+02
   4  #sigma_{0}   5.37160e-01   1.00000e-01   2.24191e-01  -4.45861e+04
   5  #sigma_{1}   1.00000e+01   1.00000e+00   2.01358e-01  -1.07060e+04
   6  w            1.00000e-01   1.00000e-02   1.05607e-01   8.60788e+02
   7  #alpha       4.00000e-01   5.00000e-02   1.44876e-01   2.13036e+02
   8  #mu          1.50000e+00   5.00000e-01   4.22430e-01  -1.80776e+04
 MIGRAD MINIMIZATION HAS CONVERGED.
 FCN=94.1394 FROM MIGRAD    STATUS=CONVERGED     647 CALLS         648 TOTAL
                     EDM=7.0099e-07    STRATEGY= 1  ERROR MATRIX UNCERTAINTY   3.9 per cent
  EXT PARAMETER                                   STEP         FIRST   
  NO.   NAME      VALUE            ERROR          SIZE      DERIVATIVE 
   1  N0           6.79100e+04   3.15198e+02  -1.60670e-05  -1.60222e-02
   2  Q_{0}        2.96607e+01   8.82385e-03  -1.38002e-06  -4.94639e-02
   3  Q_{1}        1.39274e+01   1.65373e-01   2.43179e-05   9.08347e-02
   4  #sigma_{0}   5.72478e-01   8.72862e-03  -4.89616e-06  -2.11594e-02
   5  #sigma_{1}   1.05081e+01   1.47664e-01  -1.54217e-05  -8.71545e-03
   6  w            1.58835e-01   3.21828e-02  -2.33995e-04   2.01304e-03
   7  #alpha       1.00000e-01   4.45643e-03   3.20598e-04** at limit **
   8  #mu          1.90027e+00   3.98559e-02  -9.22899e-06   6.54289e-02
 EXTERNAL ERROR MATRIX.    NDIM=  25    NPAR=  8    ERR DEF=1
  9.941e+04  3.665e-01 -1.797e+01  3.898e-02  1.136e+01  3.531e+00 -1.289e-05  4.689e+00 
  3.665e-01  7.786e-05 -5.876e-04  2.555e-05 -3.460e-04  1.576e-04  5.805e-10  1.727e-04 
 -1.797e+01 -5.876e-04  2.735e-02 -1.444e-04  3.846e-03 -4.471e-03  1.479e-09 -6.032e-03 
  3.898e-02  2.555e-05 -1.444e-04  7.620e-05 -4.360e-04  9.458e-05  1.487e-10  7.861e-05 
  1.136e+01 -3.460e-04  3.846e-03 -4.360e-04  2.181e-02 -1.833e-03 -4.054e-08 -1.634e-03 
  3.531e+00  1.576e-04 -4.471e-03  9.458e-05 -1.833e-03  1.100e-03  7.552e-09  1.260e-03 
 -1.289e-05  5.805e-10  1.479e-09  1.487e-10 -4.054e-08  7.552e-09  1.856e-11  7.000e-09 
  4.689e+00  1.727e-04 -6.032e-03  7.861e-05 -1.634e-03  1.260e-03  7.000e-09  1.589e-03 
 PARAMETER  CORRELATION COEFFICIENTS  
       NO.  GLOBAL      1      2      3      4      5      6      7      8
        1  0.52998   1.000  0.132 -0.345  0.014  0.244  0.338 -0.009  0.373
        2  0.56493   0.132  1.000 -0.403  0.332 -0.266  0.538  0.015  0.491
        3  0.93577  -0.345 -0.403  1.000 -0.100  0.157 -0.815  0.002 -0.915
        4  0.49413   0.014  0.332 -0.100  1.000 -0.338  0.327  0.004  0.226
        5  0.59760   0.244 -0.266  0.157 -0.338  1.000 -0.374 -0.064 -0.278
        6  0.96941   0.338  0.538 -0.815  0.327 -0.374  1.000  0.053  0.953
        7  0.11970  -0.009  0.015  0.002  0.004 -0.064  0.053  1.000  0.041
        8  0.98274   0.373  0.491 -0.915  0.226 -0.278  0.953  0.041  1.000
fit result : 67910	29.6607	13.9274	0.572478	10.5081	0.158835	0.1	1.90027
94.1394	7.0099e-07	8	
Chi-square per degree of freedom: 11.7674
